Node	Weight
0.0028210671699185	nan
0.0148640639788421	nan
0.0365304584078114	nan
0.0678252662411942	nan
0.1087493709298301	nan
0.1593032977301622	nan
0.2194875685424399	nan
0.2893027680592943	nan
0.3687495613671267	nan
0.4578286998235551	nan
0.5565410233686101	nan
0.6648874615608392	nan
0.7828690340999130	nan
0.9104868511231615	nan
1.0477421133958726	nan
1.1946361124495044	nan
1.3511702306939612	nan
1.5173459415172961	nan
1.6931648093799980	nan
1.8786284899078687	nan
2.0737387299858066	nan
2.2784973678538951	nan
2.4929063332066468	nan
2.7169676472959607	nan
2.9506834230381398	nan
3.1940558651252200	nan
3.4470872701407633	nan
3.7097800266802499	nan
3.9821366154761395	nan
4.2641596095276819	nan
4.5558516742355213	nan
4.8572155675411404	nan
5.1682541400711797	nan
5.4889703352866652	nan
5.8193671896371724	nan
6.1594478327199589	nan
6.5092154874440835	nan
6.8686734701995418	nan
7.2378251910314484	nan
7.6166741538192806	nan
8.0052239564612133	nan
8.4034782910635712	nan
8.8114409441354340	nan
9.2291157967883848	nan
9.6565068249414789	nan
10.0936180995314260	nan
10.5404537867280066	nan
10.9970181481547957	nan
11.4633155411151666	nan
11.9393504188236417	nan
12.4251273306426118	nan
12.9206509223244481	nan
13.4259259362590395	nan
13.9409572117268077	nan
14.4657496851571903	nan
15.0003083903926786	nan
15.5446384589583992	nan
16.0987451203373020	nan
16.6626337022509823	nan
17.2363096309461810	nan
17.8197784314869700	nan
18.4130457280527224	nan
19.0161172442418263	nan
19.6289988033812790	nan
20.2516963288420939	nan
20.8842158443606642	nan
21.5265634743660534	nan
22.1787454443132965	nan
22.8407680810227340	nan
23.5126378130254459	nan
24.1943611709148030	nan
24.8859447877042221	nan
25.5873953991911414	nan
26.2987198443272554	nan
27.0199250655951211	nan
27.7510181093911079	nan
28.4920061264148110	nan
29.2428963720649229	nan
30.0036962068416706	nan
30.7744130967558362	nan
31.5550546137444314	nan
32.3456284360931008	nan
33.1461423488652542	nan
33.9566042443380738	nan
34.7770221224453948	nan
35.6074040912275080	nan
36.4477583672880172	nan
37.2980932762577666	nan
38.1584172532659096	nan
39.0287388434181608	nan
39.9090667022823880	nan
40.7994095963814800	nan
41.6997764036937042	nan
42.6101761141604811	nan
43.5306178302017912	nan
44.4611107672391697	nan
45.4016642542264250	nan
46.3522877341881738	nan
47.3129907647661909	nan
48.2837830187737609	nan
49.2646742847580228	nan
50.2556744675704223	nan
51.2567935889453992	nan
52.2680417880873023	nan
53.2894293222656970	nan
54.3209665674191413	nan
55.3626640187674894	nan
56.4145322914327991	nan
57.4765821210690575	nan
58.5488243645006321	nan
59.6312700003697174	nan
60.7239301297927625	nan
61.8268159770260155	nan
62.9399388901403185	nan
64.0633103417052041	nan
65.1969419294824064	nan
66.3408453771289857	nan
67.4950325349099387	nan
68.6595153804207712	nan
69.8343060193197829	nan
71.0194166860704001	nan
72.2148597446935838	nan
73.4206476895305258	nan
74.6367931460155347	nan
75.8633088714595800	nan
77.1002077558442664	nan
78.3475028226265806	nan
79.6052072295545372	nan
80.8733342694936965	nan
82.1518973712648659	nan
83.4409101004930420	nan
84.7403861604677360	nan
86.0503393930147524	nan
87.3707837793797921	nan
88.7017334411237499	nan
90.0432026410299926	nan
91.3952057840238297	nan
92.7577574181041342	nan
94.1308722352875833	nan
95.5145650725652189	nan
96.9088509128720403	nan
98.3137448860693013	nan
99.7292622699400653	nan
101.1554184911978211	nan
102.5922291265086983	nan
104.0397099035272532	nan
105.4978767019459838	nan
106.9667455545588552	nan
108.4463326483390375	nan
109.9366543255308812	nan
111.4377270847565455	nan
112.9495675821373197	nan
114.4721926324298806	nan
116.0056192101777413	nan
117.5498644508779904	nan
119.1049456521637069	nan
120.6708802750019913	nan
122.2476859449082269	nan
123.8353804531763132	nan
125.4339817581256256	nan
127.0435079863644319	nan
128.6639774340703468	nan
130.2954085682880248	nan
131.9378200282440616	nan
133.5912306266797032	nan
135.2556593512015297	nan
136.9311253656501322	nan
138.6176480114873755	nan
140.3152468092023071	nan
142.0239414597360224	nan
143.7437518459259138	nan
145.4746980339692755	nan
147.2168002749069444	nan
148.9700790061269515	nan
150.7345548528885786	nan
152.5102486298672488	nan
154.2971813427203642	nan
156.0953741896746862	nan
157.9048485631351184	nan
159.7256260513158566	nan
161.5577284398935376	nan
163.4011777136834098	nan
165.2559960583383827	nan
167.1222058620714392	nan
168.9998297174020365	nan
170.8888904229263517	nan
172.7894109851123403	nan
174.7014146201194649	nan
176.6249247556438604	nan
178.5599650327891368	nan
180.5065593079633572	nan
182.4647316548023639	nan
184.4345063661202175	nan
186.4159079558870928	nan
188.4089611612346005	nan
190.4136909444899004	nan
192.4301224952380949	nan
194.4582812324141514	nan
196.4981928064242993	nan
198.5498831012975813	nan
200.6133782368682148	nan
202.6887045709890458	nan
204.7758887017766369	nan
206.8749574698886136	nan
208.9859379608337804	nan
211.1088575073155482	nan
213.2437436916090974	nan
215.3906243479732154	nan
217.5495275650968949	nan
219.7204816885817991	nan
221.9035153234607378	nan
224.0986573367531491	nan
226.3059368600580399	nan
228.5253832921849266	nan
230.7570263018238848	nan
233.0008958302546489	nan
235.2570220940963281	nan
237.5254355880975936	nan
239.8061670879687881	nan
242.0992476532561284	nan
244.4047086302591367	nan
246.7225816549918704	nan
249.0528986561887166	nan
251.3956918583558604	nan
253.7509937848686832	nan
256.1188372611165391	nan
258.4992554176953377	nan
260.8922816936489539	nan
263.2979498397604061	nan
265.7162939218937936	nan
268.1473483243875648	nan
270.5911477535002518	nan
273.0477272409102625	nan
275.5171221472694469	nan
277.9993681658128253	nan
280.4945013260242490	nan
283.0025579973604408	nan
285.5235748930330715	nan
288.0575890738510338	nan
290.6046379521238237	nan
293.1647592956268227	nan
295.7379912316299624	nan
298.3243722509910185	nan
300.9239412123151283	nan
303.5367373461806437	nan
306.1628002594339932	nan
308.8021699395542896	nan
311.4548867590888790	nan
314.1209914801615923	nan
316.8005252590548935	nan
319.4935296508677425	nan
322.2000466142499704	nan
324.9201185162158367	nan
327.6537881370373952	nan
330.4010986752192025	nan
333.1620937525574391	nan
335.9368174192829315	nan
338.7253141592922816	nan
341.5276288954665915	nan
344.3438069950814224	nan
347.1738942753086121	nan
350.0179370088129076	nan
352.8759819294442650	nan
355.7480762380290571	nan
358.6342676082613252	nan
361.5346041926964062	nan
364.4491346288496061	nan
367.3779080454016821	nan
370.3209740685134079	nan
373.2783828282518357	nan
376.2501849651304724	nan
379.2364316367661559	nan
382.2371745246547334	nan
385.2524658410683855	nan
388.2823583360775501	nan
391.3269053046992667	nan
394.3861605941763173	nan
397.4601786113884145	nan
400.5490143303993023	nan
403.6527233001432364	nan
406.7713616522525513	nan
409.9049861090310287	nan
413.0536539915756862	nan
416.2174232280502792	nan
419.3963523621142713	nan
422.5905005615110213	nan
425.7999276268182598	nan
429.0246940003655141	nan
432.2648607753214947	nan
435.5204897049562192	nan
438.7916432120813397	nan
442.0783843986735633	nan
445.3807770556850301	nan
448.6988856730453108	nan
452.0327754498597415	nan
455.3825123048084720	nan
458.7481628867518566	nan
462.1297945855463922	nan
465.5274755430766049	nan
468.9412746645090238	nan
472.3712616297722207	nan
475.8175069052699655	nan
479.2800817558325548	nan
482.7590582569125104	nan
486.2545093070310145	nan
489.7665086404807084	nan
493.2951308402926429	nan
496.8404513514730638	nan
500.4025464945173098	nan
503.9814934792081544	nan
507.5773704187060957	nan
511.1902563439386995	nan
514.8202312182974083	nan
518.4673759526497179	nan
522.1317724206749062	nan
525.8135034745324674	nan
529.5126529608714918	nan
533.2293057371911118	nan
536.9635476885599701	nan
540.7154657447068757	nan
544.4851478974899237	nan
548.2726832187573791	nan
552.0781618786088529	nan
555.9016751640693883	nan
559.7433154981870302	nan
563.6031764595668392	nan
567.4813528023522622	nan
571.3779404766685275	nan
575.2930366495388625	nan
579.2267397262894519	nan
583.1791493724559814	nan
587.1503665362060929	nan
591.1404934712942350	nan
595.1496337605625513	nan
599.1778923400062240	nan
603.2253755234179380	nan
607.2921910276303379	nan
611.3784479983734172	nan
615.4842570367665076	nan
619.6097302264626023	nan
623.7549811614663895	nan
627.9201249746466829	nan
632.1052783669638302	nan
636.3105596374342667	nan
640.5360887138572252	nan
644.7819871843249757	nan
649.0483783295439935	nan
653.3353871559902473	nan
657.6431404299278256	nan
661.9717667123177307	nan
666.3213963946450349	nan
670.6921617356958905	nan
675.0841968993148612	nan
679.4976379931746351	nan
683.9326231085926793	nan
688.3892923614293977	nan
692.8677879341049675	nan
697.3682541187713468	nan
701.8908373616807239	nan
706.4356863087905367	nan
711.0029518526484935	nan
715.5927871806010216	nan
720.2053478243732343	nan
724.8407917110675953	nan
729.4992792156328960	nan
734.1809732148547027	nan
738.8860391429233232	nan
743.6146450486367030	nan
748.3669616542968015	nan
753.1431624163627703	nan
757.9434235879266453	nan
762.7679242830776047	nan
767.6168465432276662	nan
772.4903754054726051	nan
777.3886989730658570	nan
782.3120084880853256	nan
787.2604984063800657	nan
792.2343664748851779	nan
797.2338138113957484	nan
802.2590449869012446	nan
807.3102681105784768	nan
812.3876949175529489	nan
817.4915408595392137	nan
822.6220251984778997	nan
827.7793711032928741	nan
832.9638057498987109	nan
838.1755604245926179	nan
843.4148706309747467	nan
848.6819762005466146	nan
853.9771214071437271	nan
859.3005550853702061	nan
864.6525307532079978	nan
870.0333067389833559	nan
875.4431463128852329	nan
880.8823178232375994	nan
886.3510948377395380	nan
891.8497562898988917	nan
897.3785866308970753	nan
902.9378759871369766	nan
908.5279203237370211	nan
914.1490216142520921	nan
919.8014880169167782	nan
925.4856340577224501	nan
931.2017808206593372	nan
936.9502561454717124	nan
942.7313948332965765	nan
948.5455388605781764	nan
954.3930376016716082	nan
960.2742480605771789	nan
966.1895351122708462	nan
972.1392717541278898	nan
978.1238393679636829	nan
984.1436279932523803	nan
990.1990366121175384	nan
996.2904734467267645	nan
1002.4183562697636489	nan
1008.5831127286949140	nan
1014.7851806845961846	nan
1021.0250085663525397	nan
1027.3030557411041173	nan
1033.6197929018660489	nan
1039.9757024733160051	nan
1046.3712790368128935	nan
1052.8070297757831213	nan
1059.2834749426933740	nan
1065.8011483489160582	nan
1072.3605978788871198	nan
1078.9623860300623619	nan
1085.6070904802884343	nan
1092.2953046843244920	nan
1099.0276385013883100	nan
1105.8047188557413847	nan
1112.6271904324851221	nan
1119.4957164109164296	nan
1126.4109792379722421	nan
1133.3736814445060190	nan
1140.3845465073593459	nan
1147.4443197604425677	nan
1154.5537693583059990	nan
1161.7136872959872562	nan
1168.9248904892428982	nan
1176.1882219196415917	nan
1183.5045518493875534	nan
1190.8747791111929928	nan
1198.2998324790012248	nan
1205.7806721259048572	nan
1213.3182911762094136	nan
1220.9137173592512227	nan
1228.5680147733339709	nan
1236.2822857689654938	nan
1244.0576729615156637	nan
1251.8953613844371375	nan
1259.7965807953673902	nan
1267.7626081487235297	nan
1275.7947702498702256	nan
1283.8944466075977289	nan
1292.0630725035077830	nan
1300.3021422990211704	nan
1308.6132130031116958	nan
1316.9979081265985315	nan
1325.4579218519215829	nan
1333.9950235508715650	nan
1342.6110626867955489	nan
1351.3079741424435269	nan
1360.0877840199811999	nan
1368.9526159658576034	nan
1377.9046980803598217	nan
1386.9463704799775314	nan
1396.0800935903462232	nan
1405.3084572588013543	nan
1414.6341907887906473	nan
nan	nan
nan	nan
nan	nan
nan	nan
nan	nan
nan	nan
nan	nan
nan	nan
nan	nan
nan	nan
nan	nan
nan	nan
nan	nan
nan	nan
nan	nan
nan	nan
nan	nan
nan	nan
nan	nan
nan	nan
nan	nan
nan	nan
nan	nan
nan	nan
nan	nan
nan	nan
nan	nan
nan	nan
nan	nan
nan	nan
nan	nan
nan	nan
nan	nan
nan	nan
nan	nan
nan	nan
nan	nan
nan	nan
nan	nan
nan	nan
nan	nan
