Node	Weight
0.0014112216684277	nan
0.0074356465504240	nan
0.0182740642097808	nan
0.0339289074257271	nan
0.0544005078673077	nan
0.0796889840773613	nan
0.1097944189689604	nan
0.1447168929043412	nan
0.1844564924861880	nan
0.2290133134818854	nan
0.2783874619615731	nan
0.3325790547961420	nan
0.3915882198961496	nan
0.4554150963354375	nan
0.5240598344193934	nan
0.5975225957249404	nan
0.6758035531253350	nan
0.7589028908064515	nan
0.8468208042781300	nan
0.9395575003825869	nan
1.0371131973010428	nan
1.1394881245592594	nan
1.2466825230324092	nan
1.3586966449495466	nan
1.4755307538978519	nan
1.5971851248267637	nan
1.7236600440520737	nan
1.8549558092600384	nan
1.9910727295115414	nan
2.1320111252463345	nan
2.2777713282873737	nan
2.4283536818452616	nan
2.5837585405228150	nan
2.7439862703197475	nan
2.9090372486374938	nan
3.0789118642841604	nan
3.2536105174796206	nan
3.4331336198607461	nan
3.6174815944867817	nan
3.8066548758448664	nan
4.0006539098556964	nan
4.1994791538793352	nan
4.4031310767211762	nan
4.6116101586380420	nan
4.8249168913444427	nan
5.0430517780189774	nan
5.2660153333108877	nan
5.4938080833467602	nan
5.7264305657373784	nan
5.9638833295847258	nan
6.2061669354891427	nan
6.4532819555566290	nan
6.7052289734063022	nan
6.9620085841780099	nan
7.2236213945400856	nan
7.4900680226972680	nan
7.7613490983987656	nan
8.0374652629464762	nan
8.3184171692033626	nan
8.6042054816019764	nan
8.8948308761531418	nan
9.1902940404547913	nan
9.4905956737009536	nan
9.7957364866908989	nan
10.1057172018384431	nan
10.4205385531813963	nan
10.7402012863911818	nan
11.0647061587825952	nan
11.3940539393237366	nan
11.7282454086460852	nan
12.0672813590547428	nan
12.4111625945388226	nan
12.7598899307820073	nan
13.1134641951732576	nan
13.4718862268176789	nan
13.8351568765475594	nan
14.2032770069335452	nan
14.5762474922959946	nan
14.9540692187164854	nan
15.3367430840494752	nan
15.7242699979341385	nan
16.1166508818063434	nan
16.5138866689108141	nan
16.9159783043134340	nan
17.3229267449137225	nan
17.7347329594574710	nan
18.1513979285495424	nan
18.5729226446668321	nan
18.9993081121713949	nan
19.4305553473237467	nan
19.8666653782962932	nan
20.3076392451869872	nan
20.7534780000330734	nan
21.2041827068250797	nan
21.6597544415209100	nan
22.1201942920601304	nan
22.5855033583784390	nan
23.0556827524222712	nan
23.5307335981635894	nan
24.0106570316148513	nan
24.4954542008441258	nan
24.9851262659903846	nan
25.4796743992789914	nan
25.9790997850373131	nan
26.4834036197105469	nan
26.9925871118776861	nan
27.5066514822676922	nan
28.0255979637758017	nan
28.5494278014800322	nan
29.0781422526578552	nan
29.6117425868030466	nan
30.1502300856427041	nan
30.6936060431544462	nan
31.2418717655837845	nan
31.7950285714616818	nan
32.3530777916222689	nan
32.9160207692207507	nan
33.4838588597515141	nan
34.0565934310663536	nan
34.6342258633929490	nan
35.2167575493534457	nan
35.8041898939833203	nan
36.3965243147503088	nan
36.9937622415736058	nan
37.5959051168431913	nan
38.2029543954393915	nan
38.8149115447525901	nan
39.4317780447031083	nan
40.0535553877613211	nan
40.6802450789679071	nan
41.3118486359543340	nan
41.9483675889634853	nan
42.5898034808705077	nan
43.2361578672038362	nan
43.8874323161663895	nan
44.5436284086570211	nan
45.2047477382920491	nan
45.8707919114271050	nan
46.5417625471790757	nan
47.2176612774482933	nan
47.8984897469408963	nan
48.5842496131913819	nan
49.2749425465853790	nan
49.9705702303826058	nan
50.6711343607399769	nan
51.3766366467350224	nan
52.0870788103893645	nan
52.8024625866924993	nan
53.5227897236257419	nan
54.2480619821863641	nan
54.9782811364119368	nan
55.7134489734049154	nan
56.4535672933573451	nan
57.1986379095758508	nan
57.9486626485068044	nan
58.7036433497616699	nan
59.4635818661426043	nan
60.2284800636682434	nan
60.9983398215996715	nan
61.7731630324666554	nan
62.5529516020940264	nan
63.3377074496283257	nan
64.1274325075646630	nan
64.9221287217736887	nan
65.7217980515289781	nan
66.5264424695344019	nan
67.3360639619518935	nan
68.1506645284293029	nan
68.9702461821286050	nan
69.7948109497541793	nan
70.6243608715814162	nan
71.4588980014854940	nan
72.2984244069704118	nan
73.1429421691982213	nan
73.9924533830184714	nan
74.8469601569979091	nan
75.7064646134503647	nan
76.5709688884669646	nan
77.4404751319464140	nan
78.3149855076256358	nan
79.1945021931106226	nan
80.0790273799074157	nan
80.9685632734534977	nan
81.8631120931492546	nan
82.7626760723897661	nan
83.6672574585967652	nan
84.5768585132509401	nan
85.4914815119243343	nan
86.4111287443131033	nan
87.3358025142704832	nan
88.2655051398399166	nan
89.2002389532885616	nan
90.1400063011409856	nan
91.0848095442129875	nan
92.0346510576459025	nan
92.9895332309409497	nan
93.9494584679939493	nan
94.9144291871301817	nan
95.8844478211396307	nan
96.8595168173123966	nan
97.8396386374743514	nan
98.8248157580231066	nan
99.8150506699642079	nan
100.8103458789475866	nan
101.8107039053042513	nan
102.8161272840832936	nan
103.8266185650891344	nan
104.8421803129190124	nan
105.8628151070007135	nan
106.8885255416306990	nan
107.9193142260122897	nan
108.9551837842943627	nan
109.9961368556101036	nan
111.0421760941161580	nan
112.0933041690320096	nan
113.1495237646796710	nan
114.2108375805236022	nan
115.2772483312109273	nan
116.3487587466119635	nan
117.4253715718609783	nan
118.5070895673972871	nan
119.5939155090065356	nan
120.6858521878624231	nan
121.7829024105685676	nan
122.8850689992007545	nan
123.9923547913493991	nan
125.1047626401623916	nan
126.2222954143881708	nan
127.3449559984190813	nan
128.4727472923351286	nan
129.6056722119478763	nan
130.7437336888448272	nan
131.8869346704339307	nan
133.0352781199885044	nan
134.1887670166924522	nan
135.3474043556857680	nan
136.5111931481103227	nan
137.6801364211560212	nan
138.8542372181072153	nan
140.0334985983895137	nan
141.2179236376168490	nan
142.4075154276387423	nan
143.6022770765882797	nan
144.8022117089298320	nan
146.0073224655076558	nan
147.2176125035945518	nan
148.4330849969407495	nan
149.6537431358233903	nan
150.8795901270960940	nan
152.1106291942390953	nan
153.3468635774095219	nan
154.5882965334920698	nan
155.8349313361500492	nan
157.0867712758768278	nan
158.3438196600474441	nan
159.6060798129706484	nan
160.8735550759414821	nan
162.1462488072938868	nan
163.4241643824538812	nan
164.7073051939929655	nan
165.9956746516820942	nan
167.2892761825457342	nan
168.5881132309164627	nan
169.8921892584898501	nan
171.2015077443798248	nan
172.5160721851742096	nan
173.8358860949908546	nan
175.1609530055339121	nan
176.4912764661507651	nan
177.8268600438890132	nan
179.1677073235541116	nan
180.5138219077671806	nan
181.8652074170234414	nan
183.2218674897508208	nan
184.5838057823690121	nan
185.9510259693489331	nan
187.3235317432726674	nan
188.7013268148936902	nan
190.0844149131974916	nan
191.4727997854626551	nan
192.8664851973223620	nan
194.2654749328262938	nan
195.6697727945028191	nan
197.0793826034217773	nan
198.4943081992576026	nan
199.9145534403528188	nan
201.3401222037820446	nan
202.7710183854163120	nan
204.2072458999879814	nan
205.6488086811558844	nan
207.0957106815710347	nan
208.5479558729427936	nan
210.0055482461053487	nan
211.4684918110847320	nan
212.9367905971662651	nan
214.4104486529624296	nan
215.8894700464812217	nan
217.3738588651949328	nan
218.8636192161093845	nan
220.3587552258336473	nan
221.8592710406502135	nan
223.3651708265856541	nan
224.8764587694816441	nan
226.3931390750666139	nan
227.9152159690278268	nan
229.4426936970838256	nan
230.9755765250574768	nan
232.5138687389495260	nan
234.0575746450125507	nan
235.6066985698253688	nan
237.1612448603681571	nan
238.7212178840978538	nan
240.2866220290241017	nan
241.8574617037858161	nan
243.4337413377281223	nan
245.0154653809798617	nan
246.6026383045316948	nan
248.1952646003145446	nan
249.7933487812787803	nan
251.3968953814736551	nan
253.0059089561276267	nan
254.6203940817288753	nan
256.2403553561066474	nan
257.8657973985127683	nan
259.4967248497043215	nan
261.1331423720260432	nan
262.7750546494941091	nan
264.4224663878798651	nan
266.0753823147944672	nan
267.7338071797738621	nan
269.3977457543645642	nan
271.0672028322098299	nan
272.7421832291365149	nan
274.4226917832423283	nan
276.1087333549841674	nan
277.8003128272661684	nan
279.4974351055294619	nan
281.2001051178414741	nan
282.9083278149866487	nan
284.6221081705571123	nan
286.3414511810446470	nan
288.0663618659326630	nan
289.7968452677890241	nan
291.5329064523596685	nan
293.2745505086627986	nan
295.0217825490832411	nan
296.7746077094682846	nan
298.5330311492233477	nan
300.2970580514089534	nan
302.0666936228378177	nan
303.8419430941731889	nan
305.6228117200270162	nan
307.4093047790598234	nan
309.2014275740804123	nan
310.9991854321465894	nan
312.8025837046665742	nan
314.6116277675012043	nan
316.4263230210665938	nan
318.2466748904375322	nan
320.0726888254518485	nan
321.9043703008151738	nan
323.7417248162066130	nan
325.5847578963852129	nan
327.4334750912967138	nan
329.2878819761816658	nan
331.1479841516838292	nan
333.0137872439595981	nan
334.8852969047878787	nan
336.7625188116808772	nan
338.6454586679960244	nan
340.5341222030479003	nan
342.4285151722215801	nan
344.3286433570863778	nan
346.2345125655107836	nan
348.1461286317777990	nan
350.0634974167011819	nan
351.9866248077426008	nan
353.9155167191295277	nan
355.8501790919740415	nan
357.7906178943923123	nan
359.7368391216249961	nan
361.6888487961584815	nan
363.6466529678468760	nan
365.6102577140352423	nan
367.5796691396830056	nan
369.5548933774888383	nan
371.5359365880161135	nan
373.5228049598193820	nan
375.5155047095716441	nan
377.5140420821925318	nan
379.5184233509775140	nan
381.5286548177277268	nan
383.5447428128810543	nan
385.5666936956439486	nan
387.5945138541242159	nan
389.6282097054647124	nan
391.6677876959781202	nan
393.7132543012824613	nan
395.7646160264378636	nan
397.8218794060838377	nan
399.8850510045781448	nan
401.9541374161362910	nan
404.0291452649717598	nan
406.1100812054379503	nan
408.1969519221704559	nan
410.2897641302307647	nan
412.3885245752508695	nan
414.4932400335787861	nan
416.6039173124254376	nan
418.7205632500121624	nan
420.8431847157197012	nan
422.9717886102381499	nan
425.1063818657176512	nan
427.2469714459206784	nan
429.3935643463750580	nan
431.5461675945284696	nan
433.7047882499034586	nan
435.8694334042543801	nan
438.0401101817246854	nan
440.2168257390059694	nan
442.3995872654979280	nan
444.5884019834692822	nan
446.7832771482204066	nan
448.9842200482465273	nan
451.1912380054026812	nan
453.4043383750693579	nan
455.6235285463200171	nan
457.8488159420890042	nan
460.0802080193415122	nan
462.3177122692442254	nan
464.5613362173376117	nan
466.8110874237091252	nan
469.0669734831679989	nan
471.3290020254213459	nan
473.5971807152511133	nan
475.8715172526930246	nan
478.1520193732162625	nan
480.4386948479049693	nan
482.7315514836407147	nan
485.0305971232866682	nan
487.3358396458726247	nan
489.6472869667822465	nan
491.9649470379409877	nan
494.2888278480056101	nan
496.6189374225554047	nan
498.9552838242846065	nan
501.2978751531961166	nan
503.6467195467971578	nan
506.0018251802961231	nan
508.3632002668006180	nan
510.7308530575177770	nan
513.1047918419552616	nan
515.4850249481246465	nan
517.8715607427454870	nan
520.2644076314513768	nan
522.6635740589979378	nan
525.0690685094715491	nan
527.4808995065008048	nan
529.8990756134683124	nan
532.3236054337251062	nan
534.7544976108061974	nan
537.1917608286483983	nan
539.6354038118090557	nan
542.0854353256867171	nan
544.5418641767438430	nan
547.0046992127313388	nan
549.4739493229138816	nan
551.9496234382982038	nan
554.4317305318621720	nan
556.9202796187865943	nan
559.4152797566879372	nan
561.9167400458537713	nan
564.4246696294786716	nan
566.9390776939040961	nan
569.4599734688581520	nan
571.9873662276979758	nan
574.5212652876548418	nan
577.0616800100797263	nan
579.6086198006920540	nan
582.1620941098295816	nan
584.7221124327008965	nan
587.2886843096398479	nan
589.8618193263614558	nan
592.4415271142203210	nan
595.0278173504710821	nan
597.6206997585312592	nan
600.2201841082452347	nan
602.8262802161515310	nan
605.4389979457515665	nan
608.0583472077804572	nan
610.6843379604807751	nan
613.3169802098777836	nan
615.9562840100570611	nan
618.6022594634446250	nan
621.2549167210892165	nan
623.9142659829469721	nan
626.5803174981682560	nan
629.2530815653866512	nan
631.9325685330111355	nan
634.6187887995197343	nan
637.3117528137560157	nan
640.0114710752284282	nan
642.7179541344107747	nan
645.4312125930473485	nan
648.1512571044580682	nan
650.8780983738483883	nan
653.6117471586202328	nan
656.3522142686865664	nan
659.0995105667877851	nan
661.8536469688112902	nan
664.6146344441134488	nan
667.3824840158448524	nan
670.1572067612771662	nan
672.9388138121336169	nan
675.7273163549225501	nan
678.5227256312726922	nan
681.3250529382723926	nan
684.1343096288109109	nan
686.9505071119231161	nan
689.7736568531369130	nan
692.6037703748237391	nan
695.4408592565520166	nan
698.2849351354435612	nan
701.1360097065331729	nan
703.9940947231312975	nan
706.8592019971896434	nan
709.7313433996702088	nan
712.6105308609176063	nan
715.4967763710341160	nan
718.3900919802583758	nan
721.2904897993472559	nan
724.1979819999611436	nan
727.1125808150526382	nan
730.0342985392585433	nan
732.9631475292950427	nan
735.8991402043569678	nan
738.8422890465202499	nan
741.7926066011474404	nan
744.7501054772978932	nan
747.7147983481405618	nan
750.6866979513712295	nan
753.6658170896324691	nan
756.6521686309390589	nan
759.6457655091048764	nan
762.6466207241757047	nan
765.6547473428648800	nan
768.6701584989929188	nan
771.6928673939312375	nan
774.7228872970498514	nan
777.7602315461692797	nan
780.8049135480165432	nan
783.8569467786844598	nan
786.9163447840965091	nan
789.9831211804751092	nan
793.0572896548140989	nan
796.1388639653556538	nan
799.2278579420722053	nan
802.3242854871516556	nan
805.4281605754878228	nan
808.5394972551753199	nan
811.6583096480092081	nan
814.7846119499881752	nan
817.9184184318241932	nan
821.0597434394551328	nan
824.2086013945634022	nan
827.3650067950990206	nan
830.5289742158071249	nan
833.7005183087612750	nan
836.8796538039014195	nan
840.0663955095761821	nan
843.2607583130918556	nan
846.4627571812651468	nan
849.6724071609816065	nan
852.8897233797600848	nan
856.1147210463211650	nan
859.3474154511623055	nan
862.5878219671378702	nan
865.8359560500447287	nan
869.0918332392135426	nan
872.3554691581060752	nan
875.6268795149176185	nan
878.9060801031859000	nan
882.1930868024052188	nan
885.4879155786474030	nan
888.7905824851877696	nan
892.1011036631383604	nan
895.4194953420861793	nan
898.7457738407385932	nan
902.0799555675747570	nan
905.4220570215031785	nan
908.7720947925264454	nan
912.1300855624116366	nan
915.4960461053682366	nan
918.8699932887319619	nan
922.2519440736565457	nan
925.6419155158108651	nan
929.0399247660845958	nan
932.4459890712998913	nan
935.8601257749303386	nan
939.2823523178278720	nan
942.7126862389562802	nan
946.1511451761323315	nan
949.5977468667746280	nan
953.0525091486595102	nan
956.5154499606857144	nan
959.9865873436456241	nan
963.4659394410050481	nan
966.9535244996914116	nan
970.4493608708888814	nan
973.9534670108429282	nan
977.4658614816723912	nan
980.9865629521901838	nan
984.5155901987327525	nan
988.0529621059979490	nan
991.5986976678914289	nan
995.1528159883824856	nan
998.7153362823680709	nan
1002.2862778765470466	nan
1005.8656602103021669	nan
1009.4535028365926337	nan
1013.0498254228555197	nan
1016.6546477519166274	nan
1020.2679897229116932	nan
1023.8898713522168009	nan
1027.5203127743886853	nan
1031.1593342431156088	nan
1034.8069561321783567	nan
1038.4631989364213496	nan
1042.1280832727338748	nan
1045.8016298810427998	nan
1049.4838596253161995	nan
1053.1747934945760790	nan
1056.8744526039245102	nan
1060.5828581955795471	nan
1064.3000316399225085	nan
1068.0259944365577667	nan
1071.7607682153832229	nan
1075.5043747376728334	nan
1079.2568358971714133	nan
1083.0181737212012649	nan
1086.7884103717817652	nan
1090.5675681467603226	nan
1094.3556694809572036	nan
1098.1527369473221825	nan
1101.9587932581048335	nan
1105.7738612660382387	nan
1109.5979639655349729	nan
1113.4311244938978689	nan
1117.2733661325439698	nan
1121.1247123082428061	nan
1124.9851865943674056	nan
1128.8548127121625839	nan
1132.7336145320243759	nan
1136.6216160747962931	nan
1140.5188415130808153	nan
1144.4253151725642965	nan
1148.3410615333589249	nan
1152.2661052313599157	nan
1156.2004710596170298	nan
1160.1441839697254181	nan
1164.0972690732291994	nan
1168.0597516430439100	nan
1172.0316571148950970	nan
1176.0130110887735100	nan
1180.0038393304084821	nan
1184.0041677727574552	nan
1188.0140225175148316	nan
1192.0334298366383337	nan
1196.0624161738928706	nan
1200.1010081464144150	nan
1204.1492325462911595	nan
1208.2071163421653637	nan
1212.2746866808538471	nan
1216.3519708889882622	nan
1220.4389964746751502	nan
1224.5357911291769142	nan
1228.6423827286132564	nan
1232.7587993356835341	nan
1236.8850692014095785	nan
1241.0212207669017062	nan
1245.1672826651451942	nan
1249.3232837228106291	nan
1253.4892529620840378	nan
1257.6652196025236208	nan
1261.8512130629369494	nan
1266.0472629632834014	nan
1270.2533991265993336	nan
1274.4696515809496304	nan
1278.6960505614017620	nan
1282.9326265120264452	nan
1287.1794100879244525	nan
1291.4364321572770677	nan
1295.7037238034256461	nan
1299.9813163269764118	nan
1304.2692412479332233	nan
1308.5675303078567140	nan
1312.8762154720541275	nan
1317.1953289317946201	nan
1321.5249031065568488	nan
1325.8649706463031634	nan
1330.2155644337856302	nan
1334.5767175868818413	nan
1338.9484634609627847	nan
1343.3308356512895898	nan
1347.7238679954457439	nan
1352.1275945757997761	nan
1356.5420497220009111	nan
1360.9672680135095106	nan
1365.4032842821607119	nan
1369.8501336147635357	nan
1374.3078513557352380	nan
1378.7764731097713593	nan
1383.2560347445521529	nan
1387.7465723934874404	nan
1392.2481224584971642	nan
1396.7607216128326399	nan
1401.2844068039355534	nan
1405.8192152563374293	nan
1410.3651844745982089	nan
1414.9223522462903020	nan
1419.4907566450142440	nan
nan	nan
nan	nan
nan	nan
nan	nan
nan	nan
nan	nan
nan	nan
nan	nan
nan	nan
nan	nan
nan	nan
nan	nan
nan	nan
nan	nan
nan	nan
nan	nan
nan	nan
nan	nan
nan	nan
nan	nan
nan	nan
nan	nan
nan	nan
nan	nan
nan	nan
nan	nan
nan	nan
nan	nan
nan	nan
nan	nan
nan	nan
nan	nan
nan	nan
nan	nan
nan	nan
nan	nan
nan	nan
nan	nan
nan	nan
nan	nan
nan	nan
nan	nan
nan	nan
nan	nan
nan	nan
nan	nan
nan	nan
nan	nan
nan	nan
nan	nan
nan	nan
nan	nan
nan	nan
nan	nan
nan	nan
nan	nan
nan	nan
nan	nan
nan	nan
nan	nan
nan	nan
nan	nan
nan	nan
nan	nan
nan	nan
nan	nan
nan	nan
nan	nan
nan	nan
nan	nan
nan	nan
nan	nan
nan	nan
nan	nan
nan	nan
nan	nan
nan	nan
nan	nan
nan	nan
nan	nan
nan	nan
nan	nan
nan	nan
nan	nan
nan	nan
nan	nan
nan	nan
nan	nan
nan	nan
nan	nan
nan	nan
nan	nan
nan	nan
nan	nan
nan	nan
nan	nan
nan	nan
nan	nan
nan	nan
nan	nan
nan	nan
nan	nan
nan	nan
nan	nan
nan	nan
nan	nan
nan	nan
nan	nan
nan	nan
nan	nan
nan	nan
nan	nan
nan	nan
nan	nan
nan	nan
nan	nan
nan	nan
nan	nan
nan	nan
nan	nan
nan	nan
nan	nan
nan	nan
nan	nan
nan	nan
nan	nan
nan	nan
nan	nan
nan	nan
nan	nan
nan	nan
nan	nan
nan	nan
nan	nan
nan	nan
nan	nan
nan	nan
nan	nan
nan	nan
nan	nan
nan	nan
nan	nan
nan	nan
nan	nan
nan	nan
nan	nan
nan	nan
nan	nan
nan	nan
nan	nan
nan	nan
nan	nan
nan	nan
nan	nan
nan	nan
nan	nan
nan	nan
nan	nan
nan	nan
nan	nan
nan	nan
nan	nan
nan	nan
nan	nan
nan	nan
nan	nan
nan	nan
nan	nan
nan	nan
nan	nan
nan	nan
nan	nan
nan	nan
nan	nan
nan	nan
nan	nan
nan	nan
nan	nan
nan	nan
nan	nan
nan	nan
nan	nan
nan	nan
nan	nan
nan	nan
nan	nan
nan	nan
nan	nan
nan	nan
nan	nan
nan	nan
nan	nan
nan	nan
nan	nan
nan	nan
nan	nan
nan	nan
nan	nan
nan	nan
nan	nan
nan	nan
nan	nan
nan	nan
nan	nan
nan	nan
nan	nan
nan	nan
nan	nan
nan	nan
nan	nan
nan	nan
nan	nan
nan	nan
nan	nan
nan	nan
nan	nan
nan	nan
nan	nan
nan	nan
nan	nan
nan	nan
nan	nan
nan	nan
nan	nan
nan	nan
nan	nan
nan	nan
nan	nan
nan	nan
nan	nan
nan	nan
nan	nan
nan	nan
nan	nan
nan	nan
nan	nan
nan	nan
nan	nan
nan	nan
nan	nan
nan	nan
nan	nan
nan	nan
nan	nan
nan	nan
nan	nan
nan	nan
nan	nan
nan	nan
nan	nan
nan	nan
nan	nan
nan	nan
nan	nan
nan	nan
nan	nan
nan	nan
nan	nan
nan	nan
nan	nan
nan	nan
nan	nan
nan	nan
nan	nan
nan	nan
nan	nan
nan	nan
nan	nan
nan	nan
nan	nan
nan	nan
nan	nan
nan	nan
nan	nan
nan	nan
nan	nan
nan	nan
nan	nan
nan	nan
nan	nan
nan	nan
nan	nan
nan	nan
nan	nan
nan	nan
nan	nan
nan	nan
nan	nan
nan	nan
nan	nan
nan	nan
nan	nan
nan	nan
nan	nan
nan	nan
nan	nan
nan	nan
nan	nan
nan	nan
nan	nan
nan	nan
nan	nan
nan	nan
